accuracy = 0.67008
eval_loss = 0.636307700372093
f1-score = 0.5887925017449397
fn = 6595
fp = 1653
logloss = 0.6446142360054282
mcc = 0.37033236699578315
model = xlnet-base-cased
precision = 0.7812913469171738
recall = 0.4724
task_name = binary
tn = 10847
tp = 5905
